2729.647	2.025
2728.245	2.143
2729.141	2.110
2727.630	2.232
2724.536	2.500
2725.832	2.449
2725.273	2.533
2725.871	2.470
2724.724	2.602
2728.318	2.389
2730.213	2.259
2727.546	2.528
2726.162	2.608
2729.782	2.392
2731.416	2.319
2729.812	2.468
2729.122	2.582
2730.057	2.523
2729.869	2.598
2730.273	2.570
2730.686	2.557
2730.818	2.626
2732.864	2.510
2730.414	2.675
2731.372	2.649
2730.388	2.765
2730.779	2.738
2734.439	2.522
2733.769	2.630
2732.963	2.748
2733.748	2.737
2736.642	2.488
2735.298	2.613
2734.485	2.711
2732.465	2.877
2732.927	2.906
2736.927	2.652
2735.127	2.769
2737.134	2.677
2736.898	2.743
2734.612	2.905
2736.486	2.859
2736.419	2.897
2735.094	3.044
2736.529	2.945
2735.603	3.033
2735.932	3.065
2737.586	2.943
2738.344	2.888
2738.249	2.971
2737.966	3.039
2738.178	3.030
2739.726	2.929
2739.100	3.023
2738.953	3.071
2736.249	3.231
2739.304	3.099
2739.622	3.110
2739.315	3.167
2741.740	3.040
2740.426	3.188
2739.724	3.277
2739.622	3.353
2741.656	3.213
2743.171	3.126
2741.889	3.212
2743.779	3.145
2742.571	3.211
2742.458	3.258
2741.655	3.350
2741.065	3.458
2742.575	3.319
2742.931	3.368
2740.864	3.551
2742.869	3.457
2739.829	3.686
2742.409	3.542
2744.639	3.399
2744.656	3.452
2743.350	3.567
2745.396	3.457
2747.291	3.365
2743.896	3.623
2748.400	3.318
2746.076	3.505
2745.198	3.615
2746.752	3.529
2745.750	3.609
2746.141	3.598
2747.192	3.541
2747.569	3.583
2748.781	3.542
2748.049	3.621
2743.803	3.997
2745.761	3.898
2745.530	3.886
2746.601	3.865
2747.544	3.839
2749.458	3.749
2748.174	3.853
2748.624	3.837
2749.277	3.825
2749.511	3.830
2749.965	3.836
2750.704	3.834
2747.992	4.082
2751.026	3.861
2749.706	4.005
2752.240	3.844
2750.790	3.963
2750.581	4.023
2751.133	4.024
2750.442	4.138
2752.933	3.948
2752.561	4.024
2751.772	4.077
2750.414	4.217
2751.718	4.144
2753.427	4.077
2753.408	4.095
2753.791	4.103
2753.051	4.158
2753.111	4.192
2753.383	4.207
2753.898	4.229
2751.695	4.422
2755.601	4.220
2754.743	4.268
2750.759	4.593
2750.777	4.605
2753.890	4.441
2756.187	4.273
2755.030	4.390
2753.032	4.610
2752.876	4.643
2753.070	4.602
2756.486	4.400
2755.604	4.567
2756.246	4.518
2754.834	4.629
2755.378	4.617
2755.796	4.633
2758.580	4.495
2757.027	4.568
2759.032	4.497
2759.326	4.545
2756.426	4.759
2759.303	4.559
2757.691	4.734
2757.864	4.777
2757.139	4.856
2759.471	4.702
2760.837	4.612
2758.899	4.808
2758.947	4.790
2757.172	4.976
2758.648	4.917
2759.744	4.874
2758.688	4.986
2759.393	4.954
2760.301	4.924
2761.478	4.866
2760.484	4.979
2760.216	5.016
2760.010	5.053
2761.370	4.977
2760.715	5.088
2760.287	5.109
2761.747	5.074
2762.388	5.101
2762.269	5.122
2762.979	5.089
2761.840	5.222
2761.611	5.286
2763.371	5.183
2762.877	5.217
2763.607	5.208
2765.566	5.096
2763.860	5.250
2764.645	5.206
2764.536	5.276
2767.152	5.131
2766.334	5.209
2765.563	5.309
2766.433	5.246
2766.635	5.258
2763.442	5.526
2763.934	5.506
2765.445	5.417
2765.578	5.434
2766.248	5.435
2765.329	5.553
2766.415	5.505
2767.850	5.408
2767.008	5.537
2767.327	5.524
2767.216	5.570
2766.373	5.673
2775.193	5.057
2774.238	5.055
2773.896	5.184
2776.185	5.015
2775.778	5.102
2775.602	5.123
2777.803	5.009
2777.711	5.078
2776.016	5.232
2776.185	5.209
2776.449	5.246
2776.655	5.263
2777.277	5.256
2777.111	5.298
2778.404	5.220
2776.361	5.434
2777.780	5.336
2777.638	5.352
2775.725	5.568
2777.971	5.439
2777.894	5.419
2778.975	5.361
2779.429	5.376
2779.591	5.413
2779.242	5.467
2779.947	5.425
2776.997	5.681
2780.215	5.501
2779.149	5.588
2781.001	5.472
2781.708	5.490
2780.715	5.548
2780.941	5.578
2778.343	5.819
2781.888	5.563
2782.427	5.569
2782.468	5.588
2781.479	5.681
2781.718	5.712
2781.741	5.705
2783.089	5.662
2782.196	5.743
2783.520	5.720
2782.587	5.833
2779.846	6.050
2783.133	5.874
2784.306	5.794
2784.057	5.903
2785.996	5.760
2784.614	5.862
2785.049	5.863
2783.628	6.016
2788.650	5.652
2784.527	5.982
2784.678	6.023
2784.144	6.082
2785.685	6.000
2784.830	6.081
2786.957	6.014
2785.098	6.162
2785.833	6.111
2786.137	6.135
2785.085	6.246
2786.694	6.156
2786.422	6.176
2784.331	6.345
2785.448	6.346
2785.866	6.343
2790.692	6.039
2793.180	5.840
2789.893	6.176
2791.395	6.039
2788.763	6.279
2786.855	6.414
2787.883	6.387
2786.610	6.547
2788.375	6.384
2789.135	6.430
2789.672	6.431
2791.426	6.311
2788.327	6.565
2791.649	6.331
2790.138	6.532
2794.934	6.195
2794.293	6.249
2798.068	5.978
2799.785	5.886
2796.257	6.185
2794.105	6.411
2791.235	6.609
2792.453	6.583
2788.040	6.918
2790.437	6.756
2791.512	6.702
2790.100	6.834
2791.357	6.812
2792.291	6.754
2790.859	6.887
2792.528	6.779
2798.987	6.338
2799.627	6.312
2793.611	6.827
2791.674	6.976
2792.175	6.996
2794.223	6.850
2795.190	6.785
2795.537	6.834
2795.472	6.890
2792.779	7.094
2793.639	7.018
2796.290	6.881
2793.642	7.123
2796.529	6.965
2795.221	7.051
2796.972	7.000
2795.891	7.136
2797.694	6.982
2799.479	6.874
2806.822	6.372
2803.502	6.642
2796.548	7.184
2796.959	7.204
2797.085	7.223
2800.406	7.024
2806.110	6.605
2808.150	6.479
2801.024	7.053
2805.091	6.783
2804.255	6.857
2809.169	6.503
2809.205	6.568
2808.251	6.648
2807.753	6.698
2808.354	6.709
2809.145	6.689
2809.598	6.708
2808.445	6.822
2810.925	6.651
2809.965	6.768
2809.834	6.834
2811.037	6.733
2811.510	6.712
2805.393	7.234
2810.221	6.913
2810.321	6.935
2811.723	6.818
2810.508	6.971
2810.731	7.002
2812.718	6.855
2813.178	6.906
2814.572	6.840
2812.939	6.970
2814.612	6.894
2812.568	7.053
2814.589	6.928
2814.140	6.992
2813.863	7.028
2813.226	7.114
2813.456	7.170
2813.815	7.137
2814.682	7.103
2814.139	7.202
2815.009	7.181
2813.836	7.267
2814.953	7.197
2814.325	7.269
2816.509	7.176
2815.658	7.238
2816.014	7.220
2816.303	7.207
2817.263	7.212
2817.698	7.184
2815.962	7.339
2816.877	7.300
2815.797	7.415
2817.123	7.387
2816.901	7.392
2811.704	7.797
2816.013	7.561
2818.826	7.348
2819.301	7.373
2818.514	7.428
2817.938	7.504
2818.077	7.579
2818.223	7.569
2819.517	7.516
2819.967	7.497
2818.501	7.658
2818.743	7.658
2820.389	7.555
2820.100	7.645
2821.653	7.553
2820.056	7.663
2821.334	7.589
2820.995	7.678
2821.692	7.656
2820.448	7.736
2821.054	7.740
2820.260	7.913
2821.299	7.790
2821.108	7.817
2821.303	7.861
2822.471	7.821
2822.508	7.834
2821.286	7.913
2821.959	7.939
2822.114	7.953
2823.765	7.882
2824.273	7.866
2824.547	7.834
2824.140	7.956
2823.106	8.030
2824.072	7.969
2823.342	8.061
2825.333	7.969
2822.286	8.180
2824.041	8.101
2824.777	8.088
2824.408	8.193
2826.148	8.080
2824.124	8.266
2825.225	8.189
2826.357	8.138
2826.212	8.208
2825.718	8.283
2825.233	8.352
2825.703	8.328
2826.973	8.253
2826.223	8.358
2826.280	8.335
2827.024	8.382
2826.371	8.412
2828.132	8.320
2827.435	8.422
2825.250	8.596
2827.466	8.477
2827.718	8.494
2827.793	8.481
2828.360	8.532
2827.392	8.575
2830.212	8.399
2829.435	8.513
2828.127	8.649
2828.522	8.631
2827.603	8.732
2829.699	8.621
2830.621	8.619
2830.580	8.600
2829.248	8.731
2829.753	8.700
2830.980	8.642
2829.934	8.742
2830.577	8.715
2831.746	8.719
2830.368	8.834
2831.196	8.839
2831.555	8.815
2828.020	9.105
2831.117	8.955
2831.681	8.948
2831.999	8.932
2831.469	9.002
2832.421	8.966
2830.926	9.081
2832.850	8.974
2833.140	8.975
2833.015	9.009
2832.879	9.059
2833.549	9.051
2833.458	9.078
2833.333	9.111
2833.829	9.102
2833.987	9.120
2834.117	9.109
2834.828	9.115
2834.610	9.150
2834.831	9.183
2835.370	9.156
2835.994	9.154
2837.373	9.100
2835.714	9.231
2835.612	9.314
2837.098	9.229
2837.310	9.201
2837.399	9.222
2837.412	9.212
2837.536	9.261
2837.952	9.264
2837.994	9.318
2837.468	9.380
2837.796	9.390
2838.066	9.428
2837.787	9.453
2838.151	9.475
2838.052	9.540
2838.651	9.490
2837.905	9.588
2838.817	9.543
2837.126	9.700
2840.586	9.497
2838.644	9.653
2839.969	9.606
2838.039	9.769
2839.229	9.707
2838.557	9.776
2839.625	9.703
2841.802	9.599
2840.742	9.691
2840.378	9.752
2840.939	9.733
2842.421	9.706
2840.911	9.828
2841.692	9.790
2841.860	9.809
2839.829	10.018
2840.212	10.012
2842.155	9.882
2842.740	9.884
2840.992	10.029
2842.807	9.932
2842.219	9.942
2841.397	10.024
2841.643	10.070
2843.385	9.975
2842.822	10.079
2843.212	10.076
2843.096	10.162
2844.202	10.092
2842.198	10.250
2844.420	10.118
2843.878	10.232
2843.076	10.306
2844.646	10.185
2844.879	10.203
2843.319	10.378
2843.664	10.357
2843.788	10.399
2844.831	10.335
2844.444	10.398
2845.139	10.393
2845.624	10.345
2846.485	10.308
2846.633	10.364
2845.918	10.423
2845.160	10.470
2845.707	10.519
2846.887	10.466
2847.299	10.490
2847.471	10.486
2845.220	10.664
2847.271	10.589
2848.759	10.481
2848.280	10.557
2849.079	10.497
2847.634	10.643
2846.708	10.690
2847.537	10.704
2847.325	10.747
2848.596	10.733
2849.872	10.644
2847.353	10.816
2847.799	10.855
2850.263	10.751
2848.782	10.846
2850.139	10.781
2848.188	10.967
2850.114	10.858
2849.687	10.888
2852.241	10.749
2851.657	10.812
2850.802	10.914
2849.205	11.050
2848.207	11.089
2850.156	10.991
2850.107	11.050
2848.950	11.168
2849.524	11.161
2850.867	11.117
2850.838	11.157
2851.203	11.186
2852.094	11.124
2850.373	11.270
2851.735	11.242
2851.981	11.237
2852.289	11.174
2851.667	11.260
2852.133	11.242
2852.279	11.277
2852.052	11.333
2852.424	11.344
2853.406	11.326
2853.420	11.340
2852.987	11.367
2853.448	11.393
2853.624	11.492
2851.798	11.652
2854.182	11.490
2852.652	11.630
2853.601	11.587
2854.916	11.509
2853.593	11.639
2855.561	11.503
2853.751	11.662
2854.718	11.587
2853.484	11.742
2853.379	11.769
2855.398	11.673
2855.611	11.688
2855.385	11.746
2856.702	11.675
2855.622	11.783
2856.265	11.760
2856.817	11.760
2856.280	11.846
2854.686	11.982
2857.304	11.808
2859.380	11.693
2857.166	11.895
2858.063	11.841
2857.577	11.939
2856.047	12.052
2856.112	12.024
2856.024	12.093
2859.163	11.901
2857.886	12.018
2859.179	11.939
2856.835	12.163
2858.896	12.028
2858.387	12.127
2858.930	12.093
2860.512	12.081
2860.351	12.084
2860.665	12.090
2858.068	12.300
2860.567	12.157
2859.448	12.241
2859.196	12.294
2859.778	12.285
2860.009	12.314
2859.500	12.312
2859.668	12.352
2861.128	12.308
2861.240	12.337
2861.051	12.353
2860.122	12.441
2860.144	12.476
2861.093	12.451
2860.414	12.542
2862.780	12.414
2862.423	12.450
2861.222	12.594
2860.262	12.630
2861.840	12.568
2861.817	12.616
2861.529	12.620
2862.270	12.576
2861.269	12.660
2861.865	12.663
2862.035	12.681
2861.120	12.777
2862.890	12.709
2863.362	12.707
2864.209	12.680
2862.669	12.850
2864.239	12.760
2863.008	12.889
2863.017	12.949
2863.058	12.930
2863.579	12.912
2863.947	12.933
2862.766	13.041
2864.550	12.913
2863.638	12.952
2865.593	12.890
2863.740	13.074
2863.907	13.080
2865.006	13.003
2866.164	12.970
2863.719	13.171
2864.327	13.131
2865.000	13.145
2865.158	13.154
2865.420	13.189
2865.156	13.281
2865.112	13.269
2865.715	13.274
2866.655	13.225
2865.674	13.304
2865.790	13.315
2866.457	13.299
2866.874	13.298
2868.330	13.224
2866.801	13.350
2867.628	13.352
2866.747	13.444
2869.081	13.299
2866.938	13.464
2867.453	13.453
2867.210	13.514
2867.764	13.495
2868.485	13.506
2867.780	13.569
2867.764	13.624
2867.471	13.668
2869.387	13.538
2867.585	13.728
2869.580	13.632
2868.165	13.730
2868.316	13.738
2869.688	13.687
2868.941	13.785
2870.321	13.681
2871.221	13.597
2871.636	13.634
2870.018	13.777
2869.307	13.833
2869.780	13.828
2870.122	13.885
2870.456	13.896
2869.820	13.957
2871.646	13.853
2871.196	13.923
2871.262	13.952
2871.544	13.938
2871.821	13.928
2871.797	13.970
2871.803	13.992
2872.240	13.983
2871.307	14.087
2871.082	14.112
2870.997	14.157
2871.965	14.142
2871.496	14.182
2873.076	14.148
2873.137	14.166
2873.205	14.197
2873.210	14.197
2873.136	14.214
2872.801	14.280
2872.168	14.355
2871.972	14.362
2873.576	14.295
2872.912	14.393
2873.614	14.331
2872.647	14.409
