   2.17100000       2822.03589    
   2.29299998       2822.88184    
   2.47199988       2822.72583    
   2.30900002       2826.86304    
   2.44000006       2828.27295    
   2.56599998       2829.90698    
   2.67899990       2830.72705    
   2.90599990       2831.04102    
   2.95400000       2833.17383    
   3.14400005       2833.22998    
   3.29399991       2833.92700    
   3.42300010       2834.90186    
   3.38800001       2838.76294    
   3.56500006       2838.96094    
   3.67799997       2840.20483    
   3.80900002       2840.59692    
   4.00600004       2840.55005    
   4.06400013       2841.38403    
   4.07299995       2844.47900    
   3.94300008       2848.19897    
   3.97499990       2850.89502    
   4.11100006       2851.40283    
   4.30299997       2852.43994    
   4.27299976       2855.21704    
   4.45900011       2855.48804    
   4.70200014       2855.14893    
   4.64900017       2857.82690    
   4.86700010       2857.63989    
   4.94299984       2859.15186    
   5.13899994       2858.99292    
   5.16099977       2861.84399    
   5.37799978       2861.58203    
   5.45699978       2863.67090    
   5.62699986       2864.67090    
   5.76100016       2865.17090    
   5.88399982       2866.12891    
   6.01200008       2866.87183    
   6.17199993       2868.10596    
   6.28299999       2868.86304    
   6.40399981       2869.76587    
   6.54699993       2870.65186    
   6.70900011       2871.33398    
   6.85400009       2872.54785    
   6.97900009       2873.40283    
   7.10300016       2873.71094    
   7.23299980       2874.72388    
   7.36499977       2875.49194    
   7.46899986       2876.79688    
   7.67199993       2877.90088    
   7.82499981       2878.10205    
   7.99399996       2878.98682    
   8.05200005       2880.24585    
   8.24699974       2881.26587    
   8.43500042       2881.44287    
   8.64400005       2881.46704    
   8.73999977       2883.03003    
   8.87500000       2883.16602    
   8.96899986       2884.10986    
   9.17899990       2884.51685    
   9.24800014       2885.91089    
   9.44799995       2886.62085    
   9.52600002       2887.85303    
   9.74800014       2888.56689    
   9.89000034       2888.96484    
   10.0719995       2889.06592    
   10.2379999       2889.71094    
   10.3809996       2890.36694    
   10.4320002       2892.03198    
   10.6920004       2892.05103    
   10.7989998       2893.07495    
   10.9910002       2893.53394    
   11.0830002       2894.71997    
   11.2229996       2894.86499    
   11.3789997       2895.27588    
   11.5570002       2895.68994    
   11.7159996       2896.99390    
   11.8719997       2897.55298    
   11.9930000       2898.39502    
   12.1960001       2898.87793    
   12.3409996       2899.24585    
   12.5389996       2899.88501    
   12.6260004       2901.12695    
   12.7790003       2901.72900    
   12.9460001       2902.32300    
   13.1009998       2902.67505    
   13.2729998       2902.58203    
   13.3690004       2903.78491    
   13.5410004       2904.32202    
   13.7080002       2904.75098    
   13.8509998       2905.73389    
   14.0559998       2906.33203    
   14.1610003       2907.10083    
   14.3800001       2907.00293    
   14.5030003       2908.05493    
   14.6400003       2908.72705    
   14.7729998       2909.18384    
   14.9630003       2909.68896    
   15.0609999       2910.98682    
   15.2480001       2910.94092    
   15.3699999       2911.37695    
   15.5509996       2911.97998    
   15.6800003       2912.73193    
   15.8649998       2912.76392    
   15.9910002       2913.64282    
   16.1650009       2913.37793    
