   2.16499996       2822.61328    
   2.30200005       2822.75415    
   2.40899992       2823.84229    
   2.47499990       2825.50928    
   2.50500011       2826.75610    
   2.56999993       2828.59009    
   2.77099991       2828.85425    
   2.77600002       2831.11108    
   2.88499999       2832.33008    
   3.07200003       2831.78809    
   3.19199991       2832.60107    
   3.18899989       2835.23730    
   3.35599995       2835.55908    
   3.45400000       2836.68628    
   3.52500010       2837.93311    
   3.68600011       2838.91626    
   3.73200011       2840.45630    
   3.94899988       2840.11621    
   4.00799990       2842.39526    
   4.24200010       2842.32812    
   4.32999992       2843.65527    
   4.44299984       2845.20630    
   4.61199999       2845.62817    
   4.71099997       2847.14722    
   4.81699991       2848.17114    
   4.97100019       2848.42725    
   5.15100002       2849.23926    
   5.15199995       2850.63818    
   5.38000011       2849.78809    
   5.44399977       2851.60425    
   5.56500006       2852.13818    
   5.74399996       2852.73120    
   5.91499996       2853.30420    
   6.07399988       2854.60620    
   6.19799995       2855.72217    
   6.36199999       2856.47412    
   6.45400000       2856.98022    
   6.55700016       2858.11621    
   6.74599981       2858.69019    
   6.91499996       2859.66724    
   7.11100006       2860.23315    
   7.24300003       2860.94019    
   7.34800005       2861.51221    
   7.48199987       2861.99609    
   7.58599997       2862.48730    
   7.78399992       2862.22827    
   7.91400003       2863.64917    
   8.11699963       2864.22827    
   8.25599957       2865.00024    
   8.40699959       2865.56226    
   8.56700039       2866.96729    
   8.72700024       2867.43115    
   8.89000034       2867.83618    
   9.04500008       2868.73218    
   9.23900032       2868.49927    
   9.37699986       2869.70215    
   9.56200027       2869.31616    
   9.64599991       2870.58618    
   9.85499954       2870.95923    
   9.95699978       2872.19214    
   10.1420002       2872.84009    
   10.3269997       2873.95728    
   10.5000000       2874.14429    
   10.6529999       2874.82812    
   10.7950001       2875.37012    
   10.9469995       2875.82520    
   11.1120005       2876.46509    
   11.2559996       2877.72217    
   11.4209995       2878.47827    
   11.6210003       2878.36426    
   11.7969999       2879.33008    
   11.9569998       2879.96509    
   10.9480000       2893.66406    
   11.1320000       2894.20215    
   11.2709999       2894.91919    
   11.4219999       2895.60718    
   11.5830002       2895.88110    
   11.6940002       2896.92725    
   11.8310003       2897.04712    
   11.9139996       2898.83008    
   12.1680002       2898.88428    
   12.3030005       2900.74927    
   12.5150003       2900.76221    
   12.7889996       2901.06323    
   12.8920002       2901.88110    
   13.0380001       2902.52930    
   13.1490002       2902.53516    
   13.3240004       2903.00513    
   13.5000000       2903.67529    
   13.6520004       2904.38110    
   13.8050003       2905.05908    
   13.9689999       2906.09521    
   14.1090002       2906.40625    
   14.3079996       2907.15918    
   14.4320002       2907.80127    
   14.6660004       2908.51123    
   14.8339996       2909.32910    
   15.0059996       2909.85425    
   15.1569996       2910.89209    
   15.2910004       2911.34912    
   15.4569998       2911.67529    
   15.5970001       2912.58423    
   15.8090000       2912.94507    
   16.0060005       2913.43213    
   16.1840000       2913.89307    
