0.467	2639.886
0.540	2641.497
0.296	2646.906
0.399	2647.667
0.217	2652.563
0.526	2650.105
0.537	2648.604
0.112	2654.019
0.241	2653.042
0.504	2654.019
0.318	2659.388
0.616	2662.405
0.395	2666.554
0.453	2665.547
0.040	2672.003
0.103	2674.732
0.124	2676.726
0.241	2679.504
0.306	2679.973
0.220	2682.935
0.416	2679.250
0.334	2682.221
0.277	2681.929
0.139	2686.173
0.247	2687.913
0.283	2688.123
0.481	2689.215
0.192	2694.880
0.450	2697.155
0.188	2702.129
0.161	2704.779
0.380	2705.396
0.351	2705.575
0.393	2703.643
0.347	2706.562
0.370	2708.229
0.364	2709.745
0.144	2716.379
0.423	2716.070
0.295	2720.292
0.487	2724.938
0.086	2731.335
0.533	2730.321
0.252	2733.378
0.457	2731.719
0.364	2732.879
0.270	2732.198
0.321	2733.785
0.633	2733.179
0.541	2736.632
0.442	2740.792
0.310	2746.348
0.416	2744.596
0.412	2745.969
0.449	2751.241
0.498	2754.809
0.599	2753.413
0.495	2756.635
0.462	2758.317
0.533	2759.007
0.098	2765.211
0.581	2764.251
0.421	2769.616
0.560	2770.517
0.528	2773.533
0.567	2773.769
0.338	2776.118
0.251	2781.028
0.199	2780.654
0.231	2782.672
0.576	2782.823
0.586	2783.543
0.493	2783.724
0.453	2789.163
0.455	2792.377
0.351	2798.305
0.426	2797.910
0.436	2801.427
0.474	2800.345
0.586	2800.910
0.471	2806.038
0.373	2808.823
0.403	2813.763
0.175	2815.962
0.314	2816.241
0.553	2815.380
0.460	2816.450
0.515	2816.862
0.461	2820.717
0.490	2824.236
0.473	2824.992
0.441	2826.454
0.394	2831.249
0.361	2832.868
0.473	2833.805
0.649	2835.885
0.531	2837.223
0.690	2840.256
0.354	2844.330
0.330	2848.568
0.514	2848.752
0.219	2852.255
0.506	2851.680
0.704	2850.253
0.833	2852.656
0.406	2857.303
0.460	2861.000
0.453	2861.470
0.555	2862.413
0.721	2864.653
0.747	2867.643
0.738	2869.421
0.535	2871.261
0.645	2872.602
0.909	2873.791
0.526	2879.229
0.793	2876.590
0.844	2880.577
0.719	2883.037
0.832	2883.969
0.589	2891.331
0.822	2891.347
0.756	2892.456
1.137	2888.208
0.953	2892.725
0.752	2897.591
1.239	2892.767
1.013	2898.881
0.921	2903.273
1.140	2899.173
0.913	2906.180
0.794	2907.827
0.758	2912.062
1.065	2916.455
0.874	2921.379
0.978	2922.729
1.132	2921.872
0.950	2922.742
0.987	2925.365
0.849	2927.017
0.929	2928.658
0.852	2928.920
0.799	2935.393
0.991	2931.872
0.912	2937.201
0.702	2941.743
0.629	2943.461
0.814	2948.275
0.953	2946.393
0.794	2947.180
0.968	2948.562
0.676	2955.979
0.767	2958.558
0.889	2960.396
1.016	2963.210
0.570	2971.010
0.698	2967.463
0.836	2967.621
0.829	2968.483
0.871	2972.239
0.599	2977.120
0.766	2976.923
0.696	2981.233
0.843	2980.881
0.905	2979.310
0.808	2985.455
0.866	2984.733
0.897	2987.741
0.984	2995.055
1.002	2991.112
0.907	2994.073
1.114	2996.944
1.056	2998.857
0.821	3002.069
1.149	3001.809
0.925	3007.615
0.949	3009.564
1.020	3010.686
0.883	3011.586
0.935	3013.071
0.966	3016.318
1.206	3016.629
1.114	3022.748
0.924	3025.751
1.022	3026.130
1.236	3023.152
1.223	3023.891
1.069	3029.198
1.170	3032.942
1.193	3037.225
1.257	3037.153
1.376	3038.908
1.200	3042.711
1.508	3039.750
1.374	3043.189
1.523	3043.476
1.386	3046.867
1.561	3048.545
1.668	3050.852
1.596	3052.110
1.314	3056.424
1.418	3058.924
1.643	3060.076
1.639	3064.181
1.752	3063.190
1.844	3063.870
1.521	3065.634
1.625	3070.172
1.835	3066.941
1.748	3073.143
1.855	3076.245
1.996	3077.151
1.885	3077.853
1.798	3079.516
1.756	3084.574
1.891	3084.727
1.961	3086.136
2.043	3090.202
2.004	3091.501
2.150	3091.817
2.421	3088.783
2.149	3094.187
2.194	3097.738
2.646	3094.749
2.337	3101.314
2.430	3100.258
2.361	3104.170
2.594	3106.757
2.468	3105.548
2.539	3110.824
2.601	3113.442
2.928	3111.065
2.832	3112.044
2.801	3115.350
2.883	3114.070
2.954	3120.614
2.943	3121.568
2.927	3125.063
3.183	3122.432
3.047	3128.816
3.172	3127.799
3.348	3125.875
3.379	3128.192
3.270	3133.927
3.423	3134.362
3.433	3137.287
3.617	3137.022
3.365	3141.711
3.745	3137.523
3.685	3140.015
3.728	3142.186
3.622	3146.518
3.867	3147.033
3.729	3152.524
3.912	3150.765
4.284	3146.426
4.079	3153.379
4.095	3155.757
4.287	3160.752
4.142	3159.861
4.065	3163.915
4.193	3163.370
4.393	3162.111
4.707	3161.553
4.588	3168.491
4.689	3169.821
4.594	3170.692
4.510	3175.735
4.695	3173.950
4.875	3175.493
5.095	3173.705
5.018	3177.590
5.188	3180.268
4.800	3183.362
4.936	3182.351
4.938	3187.663
5.005	3187.705
5.005	3193.651
5.010	3191.779
5.333	3195.813
5.414	3192.474
5.528	3196.917
5.581	3198.350
5.522	3203.206
5.613	3199.583
5.817	3201.108
5.384	3207.640
5.675	3209.821
5.767	3208.726
5.831	3213.972
5.681	3214.334
5.983	3215.029
6.185	3213.869
6.137	3215.614
5.969	3220.495
6.385	3220.946
6.408	3222.825
6.585	3223.184
6.736	3223.452
6.594	3224.359
6.790	3226.426
6.756	3230.578
6.748	3230.417
6.856	3231.230
6.818	3233.507
7.015	3233.487
7.154	3236.382
7.264	3234.188
7.105	3241.155
7.468	3236.728
7.577	3240.298
7.693	3242.428
7.529	3247.281
7.617	3247.912
7.944	3247.171
7.939	3248.067
7.994	3251.064
8.148	3248.779
8.212	3253.244
8.192	3252.812
8.381	3257.067
8.354	3257.734
8.530	3257.756
8.730	3257.987
8.889	3258.528
8.933	3262.713
9.008	3260.037
9.154	3262.957
9.269	3266.247
9.369	3263.648
9.342	3269.538
9.488	3269.967
9.697	3269.725
9.724	3274.030
9.962	3270.389
10.035	3269.971
10.072	3272.470
10.097	3274.646
10.220	3273.816
10.290	3277.519
10.418	3279.242
10.530	3278.332
10.672	3283.945
10.901	3284.291
10.909	3284.276
11.145	3283.024
11.195	3283.959
11.303	3284.274
11.244	3288.295
11.531	3289.392
11.598	3290.795
11.630	3288.927
11.773	3293.775
12.114	3293.852
12.030	3293.954
12.071	3292.730
12.380	3293.962
12.522	3296.382
12.618	3295.914
12.692	3298.423
12.763	3303.330
12.827	3302.722
13.097	3303.990
13.225	3302.339
12.224	3320.031
10.490	3338.847
10.743	3335.063
10.688	3340.162
10.839	3339.404
11.171	3334.122
11.029	3343.616
11.138	3345.432
11.222	3343.950
11.342	3347.559
11.599	3346.606
11.611	3348.017
11.672	3350.860
11.787	3352.698
11.870	3353.961
11.976	3354.388
12.075	3358.020
12.162	3351.584
12.401	3356.619
12.423	3360.880
12.797	3360.761
12.737	3358.963
12.839	3361.287
12.916	3363.371
13.040	3363.098
13.154	3365.432
13.289	3365.236
13.412	3364.035
13.542	3370.397
13.705	3368.969
13.690	3373.562
13.877	3373.405
13.974	3375.192
14.102	3374.448
14.231	3377.530
14.348	3371.059
14.425	3378.195
14.514	3379.373
14.717	3379.090
14.823	3382.240
14.959	3381.887
15.026	3384.337
15.168	3382.158
15.328	3386.194
15.414	3383.300
15.526	3389.100
15.695	3391.154
15.862	3387.506
15.988	3386.280
15.959	3394.313
16.135	3392.141
16.283	3392.428
16.359	3396.235
16.497	3394.130
16.677	3395.820
16.769	3395.860
16.983	3401.241
17.180	3397.761
17.314	3400.256
17.371	3402.415
17.497	3404.402
17.640	3403.369
17.785	3403.248
17.886	3408.566
18.011	3408.509
18.145	3405.394
18.332	3410.388
18.460	3405.359
18.582	3407.331
18.753	3409.165
18.913	3410.425
18.963	3412.739
19.116	3414.896
19.354	3413.580
19.460	3415.646
19.494	3418.094
19.730	3416.273
19.846	3417.496
19.898	3418.653
20.065	3421.417
20.221	3421.503
20.474	3420.432
20.590	3424.575
20.666	3424.198
20.853	3425.393
20.956	3424.628
21.171	3422.871
21.228	3426.849
21.442	3428.343
21.570	3427.764
21.624	3429.343
21.782	3427.220
21.984	3431.312
22.087	3433.147
22.236	3437.856
22.425	3433.538
22.619	3435.197
22.713	3432.421
22.873	3437.614
22.992	3432.950
23.113	3435.438
23.280	3440.177
23.395	3438.413
23.577	3439.839
23.734	3441.192
23.815	3441.813
24.034	3443.937
24.133	3443.780
24.283	3444.059
24.402	3447.349
24.624	3446.614
24.792	3443.608
24.916	3451.146
25.128	3447.550
25.238	3443.920
25.411	3451.069
25.450	3450.259
25.585	3453.442
25.806	3450.842
25.969	3458.071
26.107	3453.100
26.272	3462.068
26.390	3454.154
26.558	3457.754
26.780	3457.482
26.927	3456.579
27.048	3460.742
27.234	3461.137
27.432	3460.504
27.580	3465.244
27.703	3462.320
27.881	3462.746
28.065	3461.502
28.200	3465.490
28.369	3464.064
28.509	3460.815
28.618	3463.748
28.817	3468.180
29.032	3466.694
29.153	3472.099
29.382	3467.009
29.501	3467.085
29.676	3471.838
29.818	3470.569
30.003	3470.314
30.179	3474.185
30.288	3473.556
30.390	3474.958
30.579	3470.304
30.776	3475.186
31.011	3475.577
31.170	3474.704
31.340	3480.664
31.454	3477.918
31.578	3480.133
31.751	3480.182
31.932	3476.625
32.109	3479.461
32.341	3477.746
32.527	3480.538
32.643	3480.866
32.765	3482.642
32.928	3481.497
33.148	3483.214
33.374	3483.698
33.544	3486.226
33.718	3484.058
33.815	3488.536
33.984	3486.233
34.163	3485.013
34.364	3488.648
34.562	3487.450
34.710	3490.217
34.856	3490.677
35.026	3489.210
35.148	3490.477
35.382	3493.555
35.541	3491.525
35.790	3494.290
35.971	3492.950
36.105	3495.279
36.222	3498.734
36.337	3497.832
36.398	3500.943
36.670	3499.311
36.882	3497.787
37.053	3492.880
37.234	3497.418
36.870	3505.669
36.886	3504.807
37.190	3506.947
37.429	3508.161
37.554	3506.740
37.650	3509.346
37.885	3510.626
38.037	3507.147
38.264	3510.718
38.474	3510.832
38.595	3512.655
38.781	3517.005
38.859	3517.071
37.469	3531.594
35.622	3556.120
35.868	3551.756
36.056	3556.257
36.219	3552.040
36.346	3557.701
36.525	3556.950
36.681	3550.105
36.841	3559.727
37.057	3559.138
37.258	3555.010
37.399	3558.490
37.635	3562.307
37.771	3561.811
37.965	3560.152
38.217	3562.039
38.339	3560.964
38.466	3563.756
38.686	3560.088
38.861	3564.756
39.045	3564.627
39.177	3565.136
39.387	3565.424
39.605	3563.224
39.788	3566.691
39.932	3566.903
40.097	3567.150
40.319	3567.292
40.496	3564.970
40.658	3565.390
40.909	3563.887
41.043	3569.314
41.195	3570.295
41.439	3569.504
41.631	3570.084
41.850	3570.631
42.030	3570.504
42.181	3572.706
42.375	3570.923
42.524	3572.963
42.737	3571.515
42.894	3572.553
43.160	3572.540
43.299	3573.982
43.476	3575.339
43.603	3576.159
43.810	3577.837
44.046	3574.762
44.231	3578.754
44.426	3577.387
44.587	3577.390
44.776	3578.754
44.977	3577.518
45.146	3581.094
45.354	3581.494
45.587	3579.050
45.728	3582.434
45.900	3577.931
46.114	3579.658
46.323	3580.829
46.485	3583.921
46.667	3584.641
46.832	3580.531
46.970	3582.989
47.086	3583.564
47.326	3587.251
47.597	3586.827
47.823	3586.597
47.999	3587.130
48.205	3583.308
48.367	3588.432
48.534	3589.038
48.747	3589.555
48.930	3591.016
49.101	3589.973
49.290	3588.697
49.451	3594.732
49.642	3589.669
49.873	3590.608
50.062	3593.828
50.221	3595.209
50.492	3591.994
50.633	3590.878
50.809	3594.980
50.976	3592.487
51.248	3595.604
51.510	3590.827
51.702	3596.392
51.894	3596.762
52.051	3594.625
52.276	3589.761
52.502	3594.209
52.700	3595.057
52.900	3592.480
53.051	3593.610
53.243	3594.182
53.389	3598.581
53.572	3596.730
53.827	3600.271
53.996	3600.777
54.273	3602.010
54.398	3597.984
54.565	3599.442
54.795	3601.038
55.033	3600.508
55.208	3603.058
55.443	3599.126
55.590	3601.936
55.751	3603.167
55.952	3601.606
56.160	3601.433
56.332	3603.190
56.521	3605.837
56.762	3602.719
56.947	3603.462
57.137	3606.278
57.284	3606.875
57.516	3602.911
57.730	3603.766
57.906	3603.752
58.112	3606.515
58.309	3608.085
58.493	3606.878
58.659	3609.608
58.872	3608.224
59.030	3608.815
59.231	3610.774
59.436	3609.018
59.642	3610.048
59.840	3612.937
60.071	3605.832
60.220	3612.703
60.401	3610.208
60.598	3610.906
60.744	3612.091
61.011	3614.199
61.167	3613.629
61.390	3614.093
61.632	3616.434
61.784	3614.475
61.951	3616.649
62.122	3614.648
62.298	3613.435
62.546	3615.747
62.725	3617.371
62.819	3620.624
63.020	3615.185
63.258	3615.272
63.404	3617.359
63.590	3619.566
63.828	3619.563
63.996	3617.305
64.151	3616.373
64.301	3619.258
64.494	3620.143
64.691	3618.500
64.841	3621.183
64.983	3620.464
65.211	3617.736
65.322	3628.271
65.484	3626.707
65.724	3625.391
65.563	3625.450
66.030	3626.950
66.158	3630.178
66.362	3630.005
66.449	3625.406
